     1.000000    0.001260
     0.989534    0.002719
     0.969857    0.005412
     0.946250    0.008560
     0.920544    0.011888
     0.894028    0.015218
     0.867238    0.018480
     0.840349    0.021653
     0.813418    0.024733
     0.786466    0.027718
     0.759503    0.030608
     0.732533    0.033401
     0.705563    0.036096
     0.678599    0.038689
     0.651644    0.041177
     0.624706    0.043554
     0.597790    0.045815
     0.570901    0.047952
     0.544046    0.049957
     0.517232    0.051821
     0.490467    0.053532
     0.463758    0.055078
     0.437115    0.056446
     0.410548    0.057620
     0.384069    0.058584
     0.357692    0.059318
     0.331434    0.059801
     0.305316    0.060011
     0.279363    0.059920
     0.253609    0.059500
     0.228099    0.058718
     0.202893    0.057539
     0.178084    0.055924
     0.153815    0.053832
     0.130323    0.051234
     0.108006    0.048125
     0.087466    0.044569
     0.069413    0.040725
     0.054326    0.036818
     0.042175    0.033033
     0.032532    0.029453
     0.024858    0.026079
     0.018693    0.022870
     0.013694    0.019772
     0.009629    0.016733
     0.006352    0.013709
     0.003781    0.010666
     0.001884    0.007590
     0.000653    0.004504
     0.000068    0.001468
     0.000068   -0.001468
     0.000653   -0.004504
     0.001884   -0.007590
     0.003781   -0.010666
     0.006352   -0.013709
     0.009629   -0.016733
     0.013694   -0.019772
     0.018693   -0.022870
     0.024859   -0.026080
     0.032532   -0.029454
     0.042175   -0.033033
     0.054326   -0.036818
     0.069413   -0.040725
     0.087466   -0.044569
     0.108006   -0.048125
     0.130323   -0.051234
     0.153815   -0.053832
     0.178084   -0.055924
     0.202893   -0.057539
     0.228099   -0.058718
     0.253610   -0.059500
     0.279363   -0.059920
     0.305316   -0.060011
     0.331434   -0.059801
     0.357692   -0.059318
     0.384069   -0.058584
     0.410548   -0.057620
     0.437115   -0.056446
     0.463758   -0.055078
     0.490467   -0.053532
     0.517233   -0.051821
     0.544046   -0.049957
     0.570901   -0.047952
     0.597790   -0.045815
     0.624706   -0.043554
     0.651645   -0.041177
     0.678599   -0.038689
     0.705563   -0.036096
     0.732533   -0.033401
     0.759503   -0.030608
     0.786467   -0.027718
     0.813419   -0.024733
     0.840349   -0.021653
     0.867238   -0.018480
     0.894028   -0.015218
     0.920544   -0.011888
     0.946250   -0.008560
     0.969857   -0.005412
     0.989534   -0.002719
     1.000000   -0.001260